[mavlink]
device = "/dev/ttyAMA2"
device2 = "/dev/ttyAMA3"
baud = 115200
mav_version = 2

[drops]
cruise_speed = 20
wind_speed = 5
wind_direction = 270
altitude = 60

[drops.beacon]
mass = 165
cd = 1
drop_course = 10
x_translation = -45.62005614816896
y_translation = 10.394985962957753

[drops.bottle]
mass = 200
cd = 1
drop_course = 10
x_translation = -40.852570470817724
y_translation = 12.786857382295567

[camera]
resolution = [
    2304,
    1296,
]
K = [
    [
        1773.9244383143994,
        0.0,
        1152.0,
    ],
    [
        0.0,
        1733.1547280645818,
        648.0,
    ],
    [
        0.0,
        0.0,
        1.0,
    ],
]
distortion = [
    -0.1359832,
    0.36278877,
    0.02114295,
    0.02506856,
    -0.21990155,
]

[dirs]
logs_dir = "media/logs"
photos_dir = "media/photos"
videos_dir = "media/videos"
zones_dir = "configuration/zones"

[system]
debug_mode = false

[zones]
search_zone_path = "Sloszowa_target_detection_1.poly"
