[mavlink]
device = "/dev/ttyAMA2"
baud = 115200
mav_version = 2

[drops]
cruise_speed = 20
wind_speed = 4
wind_direction = 100
altitude = 60

[drops.beacon]
mass = 155
cd = 0.27
drop_course = 10
x_translation = -60.32261591184982
y_translation = -2.9080613484120414

[drops.bottle]
mass = 255
cd = 0.3
drop_course = 10
x_translation = -59.6250810302248
y_translation = -3.116977924009787

[camera]
resolution = [
    2304,
    1296,
]
K = [
    [
        1773.9244383143994,
        0.0,
        1152.0,
    ],
    [
        0.0,
        1733.1547280645818,
        648.0,
    ],
    [
        0.0,
        0.0,
        1.0,
    ],
]
distortion = [
    -0.1359832,
    0.36278877,
    0.02114295,
    0.02506856,
    -0.21990155,
]

[dirs]
logs_dir = "media/logs"
photos_dir = "media/photos"
videos_dir = "media/videos"
zones_dir = "configuration/zones"

[system]
debug_mode = false

[zones]
search_zone_path = "Sloszowa_target_detection_1.poly"
